{
 "cells": [
  {
   "cell_type": "code",
   "execution_count": 1,
   "metadata": {
    "collapsed": false
   },
   "outputs": [],
   "source": [
    "# add additional processes to serve as workers \n",
    "n_procs = 3\n",
    "addprocs(n_procs);  "
   ]
  },
  {
   "cell_type": "code",
   "execution_count": 2,
   "metadata": {
    "collapsed": false
   },
   "outputs": [],
   "source": [
    "# add present working directory to path from which to load modules\n",
    "push!(LOAD_PATH, \".\") \n",
    "\n",
    "# load module DynamicProgramming on each of the processes \n",
    "using DynamicProgrammingReduced\n",
    "using Interpolations\n",
    "for p in workers()\n",
    "    remotecall_fetch(p, eval, :(using DynamicProgrammingReduced))\n",
    "    remotecall_fetch(p, eval, :(using Interpolations))\n",
    "end"
   ]
  },
  {
   "cell_type": "code",
   "execution_count": 3,
   "metadata": {
    "collapsed": false
   },
   "outputs": [
    {
     "data": {
      "text/plain": [
       "dp_loop (generic function with 1 method)"
      ]
     },
     "execution_count": 3,
     "metadata": {},
     "output_type": "execute_result"
    }
   ],
   "source": [
    "# index into a grid defined by a tuple of FloatRange\n",
    "function index_into(grid::Tuple, grid_size::Tuple, index::Int64)\n",
    "    return convert(Array{Float64, 1}, [grid[j][k] for (j, k) in enumerate(ind2sub(grid_size, index))])\n",
    "end\n",
    "\n",
    "# compute grid size as a tuple = (size x1, size x2, ..., size xn) \n",
    "#             as well as an int = size x1 * size x2 * ... * size xn\n",
    "function grid_size(grid::Tuple)\n",
    "    tuple = ([length(l) for l in grid]...)\n",
    "    int = 1\n",
    "    for t in tuple\n",
    "        int *= t\n",
    "    end\n",
    "    return tuple, int\n",
    "end\n",
    "\n",
    "function step(k::Int64, x::Array{Float64, 1}, ugrid::Tuple, theta::Array{Float64, 1}, V, f::Function, g::Function)\n",
    "    J_star = -Inf\n",
    "    ugrid_length_tuple, ugrid_length_total = grid_size(ugrid)\n",
    "    x_in = [x[1]; 0; x[2:end]]\n",
    "    for i=1:ugrid_length_total\n",
    "        u = index_into(ugrid, ugrid_length_tuple, i)\n",
    "        x_plus = f(k, x_in, u, theta)\n",
    "        alpha = atan2(x_plus[2], x_plus[1])\n",
    "        r = norm(x_plus[1:2])\n",
    "        z = x_plus[3]\n",
    "        nabla_x = x_plus[4:6]\n",
    "        x_plus_reduced = [r; z; Rz(-alpha)*nabla_x]\n",
    "        J_u = g(x_plus, u, theta) + V[x_plus_reduced...]\n",
    "        if J_u > J_star\n",
    "            J_star = J_u\n",
    "        end\n",
    "    end\n",
    "    return J_star\n",
    "end\n",
    "\n",
    "# compute optimal value function with dynamic programming algorithm using a parallel loop \n",
    "function dp_loop(f::Function, phi::Function, ugrid::Tuple, xgrid::Tuple,\n",
    "            theta0::Array{Float64, 1}, N::Int64)   \n",
    "    xgrid_length_tuple, xgrid_length_total = grid_size(xgrid)\n",
    "    println(\"====== Constructing array J ======\")\n",
    "    println(\"J is size \", xgrid_length_tuple, \" by \", N)\n",
    "    J = SharedArray(Float64, xgrid_length_tuple..., N)\n",
    "    println(\"====== Array J constructed  ======\")\n",
    "    for k = N-1:-1:1\n",
    "        println(\"Step k = \", k)\n",
    "        V = interpolate(xgrid, reshape(slicedim(J, length(xgrid_length_tuple)+1, k+1), xgrid_length_tuple), Gridded(Linear()))            \n",
    "        for i=1:xgrid_length_total\n",
    "            x_i = index_into(xgrid, xgrid_length_tuple, i)\n",
    "            foo = ind2sub(xgrid_length_tuple, i)\n",
    "            J[ind2sub(xgrid_length_tuple, i)..., k] = step(k, x_i, ugrid, theta0, V, f, phi)\n",
    "        end\n",
    "    end            \n",
    "    return J\n",
    "end"
   ]
  },
  {
   "cell_type": "code",
   "execution_count": 4,
   "metadata": {
    "collapsed": false
   },
   "outputs": [],
   "source": [
    "# nominal parameter value \n",
    "@everywhere T1 = 0.680 # seconds in white matter \n",
    "@everywhere T2 = 0.090 # seconds in white matter \n",
    "@everywhere dT = 0.2   # seconds between acquisitions \n",
    "@everywhere sigma = 0.1  # noise strength \n",
    "@everywhere theta0 = [exp(-dT/T1); exp(-dT/T2)]\n",
    "\n",
    "# time horizon \n",
    "@everywhere N = 30\n",
    "\n",
    "# state dimension \n",
    "@everywhere n = 6\n",
    "\n",
    "# initial state\n",
    "@everywhere x0 = [0.; 0.; 1.; 0; 0; 0]\n",
    "\n",
    "# define rotation matrices \n",
    "@everywhere function Rx(alpha::Float64)\n",
    "    return [1     0           0     ;\n",
    "            0 cos(alpha) -sin(alpha);\n",
    "            0 sin(alpha)  cos(alpha)]\n",
    "end\n",
    "@everywhere function Ry(alpha::Float64)\n",
    "    return [cos(alpha) 0 -sin(alpha);\n",
    "                0      1      0     ;\n",
    "            sin(alpha) 0  cos(alpha)]\n",
    "end\n",
    "@everywhere function Rz(alpha::Float64)\n",
    "    return [cos(alpha) -sin(alpha) 0;\n",
    "            sin(alpha)  cos(alpha) 0;\n",
    "                0           0      1]\n",
    "end\n",
    "\n",
    "# dynamics \n",
    "@everywhere function f(t::Int64, x::Array{Float64, 1}, u::Array{Float64, 1}, theta::Array{Float64, 1})\n",
    "    x_state = x[1:3]\n",
    "    x_sensitivity = x[4:6]\n",
    "    U = Rx(u[1])*Ry(u[2])*Rz(u[3])\n",
    "    D = [theta[2], theta[2], theta[1]]\n",
    "    x_state_plus = U*(D.*x_state) + [0; 0; 1-theta[1]]\n",
    "    x_sensitivity_plus = U*(D.*x_sensitivity) + U*([0; 0; 1].*x_state) + [0; 0; -1]\n",
    "    return [x_state_plus; x_sensitivity_plus]\n",
    "end\n",
    "\n",
    "# test dynamics \n",
    "f(1, x0, [0.; 0.; 0.], theta0)\n",
    "\n",
    "# reward function \n",
    "@everywhere function g(x::Array{Float64, 1}, u::Array{Float64, 1}, theta::Array{Float64, 1})\n",
    "    return x[4]^2 + x[5]^2 \n",
    "end\n",
    "\n",
    "# test reward function \n",
    "g(x0, [0.; 0.; 0.], theta0)\n",
    "\n",
    "# define state grid \n",
    "@everywhere nx1 = 3 # number of grid points in each dimension  \n",
    "@everywhere nx2 = 3\n",
    "@everywhere nx3 = 3\n",
    "@everywhere nx4 = 3\n",
    "@everywhere nx5 = 3\n",
    "# @everywhere nx6 = 3\n",
    "@everywhere xgrid = (\n",
    "                     linspace(-1., 1., nx1), \n",
    "                     linspace(-1., 1., nx2), \n",
    "                     linspace(-5., 5., nx3), \n",
    "                     linspace(-5., 5., nx4), \n",
    "                     linspace(-5., 5., nx5), \n",
    "                     # linspace(-5., 5., nx6)\n",
    "                    ) \n",
    "\n",
    "# define input grid\n",
    "# make nu's even so that there is a grid knot at zero\n",
    "@everywhere nu1 = 8\n",
    "@everywhere nu2 = 8\n",
    "@everywhere nu3 = 4\n",
    "@everywhere ugrid = (\n",
    "                     linspace(-pi, pi-2*pi/nu1, nu1), \n",
    "                     linspace(-pi, pi-2*pi/nu2, nu2), \n",
    "                     linspace(0, pi-pi/nu3, nu3)\n",
    "                    ) "
   ]
  },
  {
   "cell_type": "code",
   "execution_count": 5,
   "metadata": {
    "collapsed": false
   },
   "outputs": [
    {
     "name": "stdout",
     "output_type": "stream",
     "text": [
      "====== Constructing array J ======\n",
      "J is size (3,3,3,3,3) by 30\n",
      "====== Array J constructed  ======\n",
      "Step k = 29\n",
      "Step k = 28\n",
      "Step k = 27\n",
      "Step k = 26\n",
      "Step k = 25\n",
      "Step k = 24\n",
      "Step k = 23\n",
      "Step k = 22\n",
      "Step k = 21\n",
      "Step k = 20\n",
      "Step k = 19\n",
      "Step k = 18\n",
      "Step k = 17\n",
      "Step k = 16\n",
      "Step k = 15\n",
      "Step k = 14\n",
      "Step k = 13\n",
      "Step k = 12\n",
      "Step k = 11\n",
      "Step k = 10\n",
      "Step k = 9\n",
      "Step k = 8\n",
      "Step k = 7\n",
      "Step k = 6\n",
      "Step k = 5\n",
      "Step k = 4\n",
      "Step k = 3\n",
      "Step k = 2\n",
      "Step k = 1\n",
      " 96.234630 seconds (437.05 M allocations: 19.889 GB, 2.44% gc time)\n"
     ]
    }
   ],
   "source": [
    "# compute value function\n",
    "@time J = dp_loop(f, g, ugrid, xgrid, theta0, N); "
   ]
  },
  {
   "cell_type": "code",
   "execution_count": 6,
   "metadata": {
    "collapsed": false
   },
   "outputs": [
    {
     "data": {
      "text/plain": [
       "3x3x3x3x3x30 SharedArray{Float64,6}:\n",
       "[:, :, 1, 1, 1, 1] =\n",
       " 137.236  127.919  121.521\n",
       " 137.28   127.92   121.45 \n",
       " 137.935  127.929  121.399\n",
       "\n",
       "[:, :, 2, 1, 1, 1] =\n",
       " 137.284  127.528  121.14 \n",
       " 136.881  127.579  121.105\n",
       " 137.284  127.528  121.14 \n",
       "\n",
       "[:, :, 3, 1, 1, 1] =\n",
       " 137.935  127.929  121.399\n",
       " 137.28   127.92   121.45 \n",
       " 137.236  127.919  121.521\n",
       "\n",
       "[:, :, 1, 2, 1, 1] =\n",
       " 136.345  127.5    121.175\n",
       " 136.881  127.579  121.105\n",
       " 137.585  127.604  121.043\n",
       "\n",
       "[:, :, 2, 2, 1, 1] =\n",
       " 136.773  126.995  120.517\n",
       " 136.033  126.873  120.466\n",
       " 136.773  126.995  120.517\n",
       "\n",
       "[:, :, 3, 2, 1, 1] =\n",
       " 137.585  127.604  121.043\n",
       " 136.881  127.579  121.105\n",
       " 136.345  127.5    121.175\n",
       "\n",
       "[:, :, 1, 3, 1, 1] =\n",
       " 137.236  127.919  121.521\n",
       " 137.28   127.92   121.45 \n",
       " 137.935  127.929  121.399\n",
       "\n",
       "[:, :, 2, 3, 1, 1] =\n",
       " 137.284  127.528  121.14 \n",
       " 136.881  127.579  121.105\n",
       " 137.284  127.528  121.14 \n",
       "\n",
       "[:, :, 3, 3, 1, 1] =\n",
       " 137.935  127.929  121.399\n",
       " 137.28   127.92   121.45 \n",
       " 137.236  127.919  121.521\n",
       "\n",
       "[:, :, 1, 1, 2, 1] =\n",
       " 117.625  112.874  117.625\n",
       " 117.601  112.965  117.601\n",
       " 117.629  113.095  117.629\n",
       "\n",
       "[:, :, 2, 1, 2, 1] =\n",
       " 117.248  112.417  117.248\n",
       " 117.255  112.393  117.255\n",
       " 117.248  112.417  117.248\n",
       "\n",
       "[:, :, 3, 1, 2, 1] =\n",
       " 117.629  113.095  117.629\n",
       " 117.601  112.965  117.601\n",
       " 117.625  112.874  117.625\n",
       "\n",
       "[:, :, 1, 2, 2, 1] =\n",
       " 117.245  112.17   117.245\n",
       " 117.255  112.393  117.255\n",
       " 117.25   112.615  117.25 \n",
       "\n",
       "[:, :, 2, 2, 2, 1] =\n",
       " 116.865  111.377  116.865\n",
       " 116.833  111.011  116.833\n",
       " 116.865  111.377  116.865\n",
       "\n",
       "[:, :, 3, 2, 2, 1] =\n",
       " 117.25   112.615  117.25 \n",
       " 117.255  112.393  117.255\n",
       " 117.245  112.17   117.245\n",
       "\n",
       "[:, :, 1, 3, 2, 1] =\n",
       " 117.625  112.874  117.625\n",
       " 117.601  112.965  117.601\n",
       " 117.629  113.095  117.629\n",
       "\n",
       "[:, :, 2, 3, 2, 1] =\n",
       " 117.248  112.417  117.248\n",
       " 117.255  112.393  117.255\n",
       " 117.248  112.417  117.248\n",
       "\n",
       "[:, :, 3, 3, 2, 1] =\n",
       " 117.629  113.095  117.629\n",
       " 117.601  112.965  117.601\n",
       " 117.625  112.874  117.625\n",
       "\n",
       "[:, :, 1, 1, 3, 1] =\n",
       " 121.521  127.919  137.236\n",
       " 121.45   127.92   137.28 \n",
       " 121.399  127.929  137.935\n",
       "\n",
       "[:, :, 2, 1, 3, 1] =\n",
       " 121.14   127.528  137.284\n",
       " 121.105  127.579  136.881\n",
       " 121.14   127.528  137.284\n",
       "\n",
       "[:, :, 3, 1, 3, 1] =\n",
       " 121.399  127.929  137.935\n",
       " 121.45   127.92   137.28 \n",
       " 121.521  127.919  137.236\n",
       "\n",
       "[:, :, 1, 2, 3, 1] =\n",
       " 121.175  127.5    136.345\n",
       " 121.105  127.579  136.881\n",
       " 121.043  127.604  137.585\n",
       "\n",
       "[:, :, 2, 2, 3, 1] =\n",
       " 120.517  126.995  136.773\n",
       " 120.466  126.873  136.033\n",
       " 120.517  126.995  136.773\n",
       "\n",
       "[:, :, 3, 2, 3, 1] =\n",
       " 121.043  127.604  137.585\n",
       " 121.105  127.579  136.881\n",
       " 121.175  127.5    136.345\n",
       "\n",
       "[:, :, 1, 3, 3, 1] =\n",
       " 121.521  127.919  137.236\n",
       " 121.45   127.92   137.28 \n",
       " 121.399  127.929  137.935\n",
       "\n",
       "[:, :, 2, 3, 3, 1] =\n",
       " 121.14   127.528  137.284\n",
       " 121.105  127.579  136.881\n",
       " 121.14   127.528  137.284\n",
       "\n",
       "[:, :, 3, 3, 3, 1] =\n",
       " 121.399  127.929  137.935\n",
       " 121.45   127.92   137.28 \n",
       " 121.521  127.919  137.236\n",
       "\n",
       "[:, :, 1, 1, 1, 2] =\n",
       " 133.203  123.886  117.488\n",
       " 133.248  123.887  117.417\n",
       " 133.902  123.897  117.366\n",
       "\n",
       "[:, :, 2, 1, 1, 2] =\n",
       " 133.251  123.495  117.107\n",
       " 132.848  123.547  117.073\n",
       " 133.251  123.495  117.107\n",
       "\n",
       "[:, :, 3, 1, 1, 2] =\n",
       " 133.902  123.897  117.366\n",
       " 133.248  123.887  117.417\n",
       " 133.203  123.886  117.488\n",
       "\n",
       "[:, :, 1, 2, 1, 2] =\n",
       " 132.312  123.467  117.143\n",
       " 132.848  123.547  117.073\n",
       " 133.553  123.572  117.01 \n",
       "\n",
       "[:, :, 2, 2, 1, 2] =\n",
       " 132.74  122.962  116.485\n",
       " 132.0   122.841  116.433\n",
       " 132.74  122.962  116.485\n",
       "\n",
       "[:, :, 3, 2, 1, 2] =\n",
       " 133.553  123.572  117.01 \n",
       " 132.848  123.547  117.073\n",
       " 132.312  123.467  117.143\n",
       "\n",
       "[:, :, 1, 3, 1, 2] =\n",
       " 133.203  123.886  117.488\n",
       " 133.248  123.887  117.417\n",
       " 133.902  123.897  117.366\n",
       "\n",
       "[:, :, 2, 3, 1, 2] =\n",
       " 133.251  123.495  117.107\n",
       " 132.848  123.547  117.073\n",
       " 133.251  123.495  117.107\n",
       "\n",
       "[:, :, 3, 3, 1, 2] =\n",
       " 133.902  123.897  117.366\n",
       " 133.248  123.887  117.417\n",
       " 133.203  123.886  117.488\n",
       "\n",
       "[:, :, 1, 1, 2, 2] =\n",
       " 113.592  108.842  113.592\n",
       " 113.568  108.932  113.568\n",
       " 113.597  109.063  113.597\n",
       "\n",
       "[:, :, 2, 1, 2, 2] =\n",
       " 113.216  108.385  113.216\n",
       " 113.223  108.36   113.223\n",
       " 113.216  108.385  113.216\n",
       "\n",
       "[:, :, 3, 1, 2, 2] =\n",
       " 113.597  109.063  113.597\n",
       " 113.568  108.932  113.568\n",
       " 113.592  108.842  113.592\n",
       "\n",
       "[:, :, 1, 2, 2, 2] =\n",
       " 113.213  108.138  113.213\n",
       " 113.223  108.36   113.223\n",
       " 113.218  108.582  113.218\n",
       "\n",
       "[:, :, 2, 2, 2, 2] =\n",
       " 112.832  107.345  112.832\n",
       " 112.8    106.979  112.8  \n",
       " 112.832  107.345  112.832\n",
       "\n",
       "[:, :, 3, 2, 2, 2] =\n",
       " 113.218  108.582  113.218\n",
       " 113.223  108.36   113.223\n",
       " 113.213  108.138  113.213\n",
       "\n",
       "[:, :, 1, 3, 2, 2] =\n",
       " 113.592  108.842  113.592\n",
       " 113.568  108.932  113.568\n",
       " 113.597  109.063  113.597\n",
       "\n",
       "[:, :, 2, 3, 2, 2] =\n",
       " 113.216  108.385  113.216\n",
       " 113.223  108.36   113.223\n",
       " 113.216  108.385  113.216\n",
       "\n",
       "[:, :, 3, 3, 2, 2] =\n",
       " 113.597  109.063  113.597\n",
       " 113.568  108.932  113.568\n",
       " 113.592  108.842  113.592\n",
       "\n",
       "[:, :, 1, 1, 3, 2] =\n",
       " 117.488  123.886  133.203\n",
       " 117.417  123.887  133.248\n",
       " 117.366  123.897  133.902\n",
       "\n",
       "[:, :, 2, 1, 3, 2] =\n",
       " 117.107  123.495  133.251\n",
       " 117.073  123.547  132.848\n",
       " 117.107  123.495  133.251\n",
       "\n",
       "[:, :, 3, 1, 3, 2] =\n",
       " 117.366  123.897  133.902\n",
       " 117.417  123.887  133.248\n",
       " 117.488  123.886  133.203\n",
       "\n",
       "[:, :, 1, 2, 3, 2] =\n",
       " 117.143  123.467  132.312\n",
       " 117.073  123.547  132.848\n",
       " 117.01   123.572  133.553\n",
       "\n",
       "[:, :, 2, 2, 3, 2] =\n",
       " 116.485  122.962  132.74\n",
       " 116.433  122.841  132.0 \n",
       " 116.485  122.962  132.74\n",
       "\n",
       "[:, :, 3, 2, 3, 2] =\n",
       " 117.01   123.572  133.553\n",
       " 117.073  123.547  132.848\n",
       " 117.143  123.467  132.312\n",
       "\n",
       "[:, :, 1, 3, 3, 2] =\n",
       " 117.488  123.886  133.203\n",
       " 117.417  123.887  133.248\n",
       " 117.366  123.897  133.902\n",
       "\n",
       "[:, :, 2, 3, 3, 2] =\n",
       " 117.107  123.495  133.251\n",
       " 117.073  123.547  132.848\n",
       " 117.107  123.495  133.251\n",
       "\n",
       "[:, :, 3, 3, 3, 2] =\n",
       " 117.366  123.897  133.902\n",
       " 117.417  123.887  133.248\n",
       " 117.488  123.886  133.203\n",
       "\n",
       "[:, :, 1, 1, 1, 3] =\n",
       " 129.171  119.853  113.456\n",
       " 129.215  119.855  113.385\n",
       " 129.869  119.864  113.334\n",
       "\n",
       "[:, :, 2, 1, 1, 3] =\n",
       " 129.218  119.463  113.075\n",
       " 128.816  119.514  113.04 \n",
       " 129.218  119.463  113.075\n",
       "\n",
       "[:, :, 3, 1, 1, 3] =\n",
       " 129.869  119.864  113.334\n",
       " 129.215  119.855  113.385\n",
       " 129.171  119.853  113.456\n",
       "\n",
       "[:, :, 1, 2, 1, 3] =\n",
       " 128.28   119.435  113.11 \n",
       " 128.816  119.514  113.04 \n",
       " 129.52   119.539  112.977\n",
       "\n",
       "[:, :, 2, 2, 1, 3] =\n",
       " 128.707  118.93   112.452\n",
       " 127.967  118.808  112.401\n",
       " 128.707  118.93   112.452\n",
       "\n",
       "[:, :, 3, 2, 1, 3] =\n",
       " 129.52   119.539  112.977\n",
       " 128.816  119.514  113.04 \n",
       " 128.28   119.435  113.11 \n",
       "\n",
       "[:, :, 1, 3, 1, 3] =\n",
       " 129.171  119.853  113.456\n",
       " 129.215  119.855  113.385\n",
       " 129.869  119.864  113.334\n",
       "\n",
       "[:, :, 2, 3, 1, 3] =\n",
       " 129.218  119.463  113.075\n",
       " 128.816  119.514  113.04 \n",
       " 129.218  119.463  113.075\n",
       "\n",
       "[:, :, 3, 3, 1, 3] =\n",
       " 129.869  119.864  113.334\n",
       " 129.215  119.855  113.385\n",
       " 129.171  119.853  113.456\n",
       "\n",
       "[:, :, 1, 1, 2, 3] =\n",
       " 109.56   104.809  109.56 \n",
       " 109.536  104.9    109.536\n",
       " 109.564  105.03   109.564\n",
       "\n",
       "[:, :, 2, 1, 2, 3] =\n",
       " 109.183  104.352  109.183\n",
       " 109.19   104.327  109.19 \n",
       " 109.183  104.352  109.183\n",
       "\n",
       "[:, :, 3, 1, 2, 3] =\n",
       " 109.564  105.03   109.564\n",
       " 109.536  104.9    109.536\n",
       " 109.56   104.809  109.56 \n",
       "\n",
       "[:, :, 1, 2, 2, 3] =\n",
       " 109.18   104.105  109.18 \n",
       " 109.19   104.327  109.19 \n",
       " 109.185  104.55   109.185\n",
       "\n",
       "[:, :, 2, 2, 2, 3] =\n",
       " 108.799  103.312  108.799\n",
       " 108.768  102.946  108.768\n",
       " 108.799  103.312  108.799\n",
       "\n",
       "[:, :, 3, 2, 2, 3] =\n",
       " 109.185  104.55   109.185\n",
       " 109.19   104.327  109.19 \n",
       " 109.18   104.105  109.18 \n",
       "\n",
       "[:, :, 1, 3, 2, 3] =\n",
       " 109.56   104.809  109.56 \n",
       " 109.536  104.9    109.536\n",
       " 109.564  105.03   109.564\n",
       "\n",
       "[:, :, 2, 3, 2, 3] =\n",
       " 109.183  104.352  109.183\n",
       " 109.19   104.327  109.19 \n",
       " 109.183  104.352  109.183\n",
       "\n",
       "[:, :, 3, 3, 2, 3] =\n",
       " 109.564  105.03   109.564\n",
       " 109.536  104.9    109.536\n",
       " 109.56   104.809  109.56 \n",
       "\n",
       "[:, :, 1, 1, 3, 3] =\n",
       " 113.456  119.853  129.171\n",
       " 113.385  119.855  129.215\n",
       " 113.334  119.864  129.869\n",
       "\n",
       "[:, :, 2, 1, 3, 3] =\n",
       " 113.075  119.463  129.218\n",
       " 113.04   119.514  128.816\n",
       " 113.075  119.463  129.218\n",
       "\n",
       "[:, :, 3, 1, 3, 3] =\n",
       " 113.334  119.864  129.869\n",
       " 113.385  119.855  129.215\n",
       " 113.456  119.853  129.171\n",
       "\n",
       "[:, :, 1, 2, 3, 3] =\n",
       " 113.11   119.435  128.28 \n",
       " 113.04   119.514  128.816\n",
       " 112.977  119.539  129.52 \n",
       "\n",
       "[:, :, 2, 2, 3, 3] =\n",
       " 112.452  118.93   128.707\n",
       " 112.401  118.808  127.967\n",
       " 112.452  118.93   128.707\n",
       "\n",
       "[:, :, 3, 2, 3, 3] =\n",
       " 112.977  119.539  129.52 \n",
       " 113.04   119.514  128.816\n",
       " 113.11   119.435  128.28 \n",
       "\n",
       "[:, :, 1, 3, 3, 3] =\n",
       " 113.456  119.853  129.171\n",
       " 113.385  119.855  129.215\n",
       " 113.334  119.864  129.869\n",
       "\n",
       "[:, :, 2, 3, 3, 3] =\n",
       " 113.075  119.463  129.218\n",
       " 113.04   119.514  128.816\n",
       " 113.075  119.463  129.218\n",
       "\n",
       "[:, :, 3, 3, 3, 3] =\n",
       " 113.334  119.864  129.869\n",
       " 113.385  119.855  129.215\n",
       " 113.456  119.853  129.171\n",
       "\n",
       "...\n",
       "\n",
       "[:, :, 1, 1, 1, 28] =\n",
       " 28.2644  18.7519  12.2196\n",
       " 28.3861  18.8506  12.079 \n",
       " 28.8099  19.0501  11.9694\n",
       "\n",
       "[:, :, 2, 1, 1, 28] =\n",
       " 28.189   18.5991  11.5624\n",
       " 27.9579  18.5078  11.5411\n",
       " 28.189   18.5991  11.5624\n",
       "\n",
       "[:, :, 3, 1, 1, 28] =\n",
       " 28.8099  19.0501  11.9694\n",
       " 28.3861  18.8506  12.079 \n",
       " 28.2644  18.7519  12.2196\n",
       "\n",
       "[:, :, 1, 2, 1, 28] =\n",
       " 27.4645  18.283   11.6817\n",
       " 27.9579  18.5078  11.5411\n",
       " 28.4579  18.7188  11.4004\n",
       "\n",
       "[:, :, 2, 2, 1, 28] =\n",
       " 27.6002  18.0716  10.9273\n",
       " 27.0368  17.7928  10.6904\n",
       " 27.6002  18.0716  10.9273\n",
       "\n",
       "[:, :, 3, 2, 1, 28] =\n",
       " 28.4579  18.7188  11.4004\n",
       " 27.9579  18.5078  11.5411\n",
       " 27.4645  18.283   11.6817\n",
       "\n",
       "[:, :, 1, 3, 1, 28] =\n",
       " 28.2644  18.7519  12.2196\n",
       " 28.3861  18.8506  12.079 \n",
       " 28.8099  19.0501  11.9694\n",
       "\n",
       "[:, :, 2, 3, 1, 28] =\n",
       " 28.189   18.5991  11.5624\n",
       " 27.9579  18.5078  11.5411\n",
       " 28.189   18.5991  11.5624\n",
       "\n",
       "[:, :, 3, 3, 1, 28] =\n",
       " 28.8099  19.0501  11.9694\n",
       " 28.3861  18.8506  12.079 \n",
       " 28.2644  18.7519  12.2196\n",
       "\n",
       "[:, :, 1, 1, 2, 28] =\n",
       " 8.15595  4.61326  8.15595\n",
       " 8.15595  4.48817  8.15595\n",
       " 8.15595  4.36308  8.15595\n",
       "\n",
       "[:, :, 2, 1, 2, 28] =\n",
       " 7.83054  3.95024  7.83054\n",
       " 7.84372  3.95024  7.84372\n",
       " 7.83054  3.95024  7.83054\n",
       "\n",
       "[:, :, 3, 1, 2, 28] =\n",
       " 8.15595  4.36308  8.15595\n",
       " 8.15595  4.48817  8.15595\n",
       " 8.15595  4.61326  8.15595\n",
       "\n",
       "[:, :, 1, 2, 2, 28] =\n",
       " 7.83054  4.0909   7.83054\n",
       " 7.84372  3.95024  7.84372\n",
       " 7.83054  3.80959  7.83054\n",
       "\n",
       "[:, :, 2, 2, 2, 28] =\n",
       " 7.50514  2.70472  7.50514\n",
       " 7.50514  2.65158  7.50514\n",
       " 7.50514  2.70472  7.50514\n",
       "\n",
       "[:, :, 3, 2, 2, 28] =\n",
       " 7.83054  3.80959  7.83054\n",
       " 7.84372  3.95024  7.84372\n",
       " 7.83054  4.0909   7.83054\n",
       "\n",
       "[:, :, 1, 3, 2, 28] =\n",
       " 8.15595  4.61326  8.15595\n",
       " 8.15595  4.48817  8.15595\n",
       " 8.15595  4.36308  8.15595\n",
       "\n",
       "[:, :, 2, 3, 2, 28] =\n",
       " 7.83054  3.95024  7.83054\n",
       " 7.84372  3.95024  7.84372\n",
       " 7.83054  3.95024  7.83054\n",
       "\n",
       "[:, :, 3, 3, 2, 28] =\n",
       " 8.15595  4.36308  8.15595\n",
       " 8.15595  4.48817  8.15595\n",
       " 8.15595  4.61326  8.15595\n",
       "\n",
       "[:, :, 1, 1, 3, 28] =\n",
       " 12.2196  18.7519  28.2644\n",
       " 12.079   18.8506  28.3861\n",
       " 11.9694  19.0501  28.8099\n",
       "\n",
       "[:, :, 2, 1, 3, 28] =\n",
       " 11.5624  18.5991  28.189 \n",
       " 11.5411  18.5078  27.9579\n",
       " 11.5624  18.5991  28.189 \n",
       "\n",
       "[:, :, 3, 1, 3, 28] =\n",
       " 11.9694  19.0501  28.8099\n",
       " 12.079   18.8506  28.3861\n",
       " 12.2196  18.7519  28.2644\n",
       "\n",
       "[:, :, 1, 2, 3, 28] =\n",
       " 11.6817  18.283   27.4645\n",
       " 11.5411  18.5078  27.9579\n",
       " 11.4004  18.7188  28.4579\n",
       "\n",
       "[:, :, 2, 2, 3, 28] =\n",
       " 10.9273  18.0716  27.6002\n",
       " 10.6904  17.7928  27.0368\n",
       " 10.9273  18.0716  27.6002\n",
       "\n",
       "[:, :, 3, 2, 3, 28] =\n",
       " 11.4004  18.7188  28.4579\n",
       " 11.5411  18.5078  27.9579\n",
       " 11.6817  18.283   27.4645\n",
       "\n",
       "[:, :, 1, 3, 3, 28] =\n",
       " 12.2196  18.7519  28.2644\n",
       " 12.079   18.8506  28.3861\n",
       " 11.9694  19.0501  28.8099\n",
       "\n",
       "[:, :, 2, 3, 3, 28] =\n",
       " 11.5624  18.5991  28.189 \n",
       " 11.5411  18.5078  27.9579\n",
       " 11.5624  18.5991  28.189 \n",
       "\n",
       "[:, :, 3, 3, 3, 28] =\n",
       " 11.9694  19.0501  28.8099\n",
       " 12.079   18.8506  28.3861\n",
       " 12.2196  18.7519  28.2644\n",
       "\n",
       "[:, :, 1, 1, 1, 29] =\n",
       " 22.9217  14.4698  8.01795\n",
       " 22.9217  14.4698  8.01795\n",
       " 22.9217  14.4698  8.01795\n",
       "\n",
       "[:, :, 2, 1, 1, 29] =\n",
       " 22.6281  14.1763  7.72436\n",
       " 22.6281  14.1763  7.72436\n",
       " 22.6281  14.1763  7.72436\n",
       "\n",
       "[:, :, 3, 1, 1, 29] =\n",
       " 22.9217  14.4698  8.01795\n",
       " 22.9217  14.4698  8.01795\n",
       " 22.9217  14.4698  8.01795\n",
       "\n",
       "[:, :, 1, 2, 1, 29] =\n",
       " 22.6281  14.1763  7.72436\n",
       " 22.6281  14.1763  7.72436\n",
       " 22.6281  14.1763  7.72436\n",
       "\n",
       "[:, :, 2, 2, 1, 29] =\n",
       " 22.3345  13.8827  7.43077\n",
       " 22.3345  13.8827  7.43077\n",
       " 22.3345  13.8827  7.43077\n",
       "\n",
       "[:, :, 3, 2, 1, 29] =\n",
       " 22.6281  14.1763  7.72436\n",
       " 22.6281  14.1763  7.72436\n",
       " 22.6281  14.1763  7.72436\n",
       "\n",
       "[:, :, 1, 3, 1, 29] =\n",
       " 22.9217  14.4698  8.01795\n",
       " 22.9217  14.4698  8.01795\n",
       " 22.9217  14.4698  8.01795\n",
       "\n",
       "[:, :, 2, 3, 1, 29] =\n",
       " 22.6281  14.1763  7.72436\n",
       " 22.6281  14.1763  7.72436\n",
       " 22.6281  14.1763  7.72436\n",
       "\n",
       "[:, :, 3, 3, 1, 29] =\n",
       " 22.9217  14.4698  8.01795\n",
       " 22.9217  14.4698  8.01795\n",
       " 22.9217  14.4698  8.01795\n",
       "\n",
       "[:, :, 1, 1, 2, 29] =\n",
       " 1.58718  0.587181  1.58718\n",
       " 1.58718  0.587181  1.58718\n",
       " 1.58718  0.587181  1.58718\n",
       "\n",
       "[:, :, 2, 1, 2, 29] =\n",
       " 1.29359  0.293591  1.29359\n",
       " 1.29359  0.293591  1.29359\n",
       " 1.29359  0.293591  1.29359\n",
       "\n",
       "[:, :, 3, 1, 2, 29] =\n",
       " 1.58718  0.587181  1.58718\n",
       " 1.58718  0.587181  1.58718\n",
       " 1.58718  0.587181  1.58718\n",
       "\n",
       "[:, :, 1, 2, 2, 29] =\n",
       " 1.29359  0.293591  1.29359\n",
       " 1.29359  0.293591  1.29359\n",
       " 1.29359  0.293591  1.29359\n",
       "\n",
       "[:, :, 2, 2, 2, 29] =\n",
       " 1.0  0.0  1.0\n",
       " 1.0  0.0  1.0\n",
       " 1.0  0.0  1.0\n",
       "\n",
       "[:, :, 3, 2, 2, 29] =\n",
       " 1.29359  0.293591  1.29359\n",
       " 1.29359  0.293591  1.29359\n",
       " 1.29359  0.293591  1.29359\n",
       "\n",
       "[:, :, 1, 3, 2, 29] =\n",
       " 1.58718  0.587181  1.58718\n",
       " 1.58718  0.587181  1.58718\n",
       " 1.58718  0.587181  1.58718\n",
       "\n",
       "[:, :, 2, 3, 2, 29] =\n",
       " 1.29359  0.293591  1.29359\n",
       " 1.29359  0.293591  1.29359\n",
       " 1.29359  0.293591  1.29359\n",
       "\n",
       "[:, :, 3, 3, 2, 29] =\n",
       " 1.58718  0.587181  1.58718\n",
       " 1.58718  0.587181  1.58718\n",
       " 1.58718  0.587181  1.58718\n",
       "\n",
       "[:, :, 1, 1, 3, 29] =\n",
       " 8.01795  14.4698  22.9217\n",
       " 8.01795  14.4698  22.9217\n",
       " 8.01795  14.4698  22.9217\n",
       "\n",
       "[:, :, 2, 1, 3, 29] =\n",
       " 7.72436  14.1763  22.6281\n",
       " 7.72436  14.1763  22.6281\n",
       " 7.72436  14.1763  22.6281\n",
       "\n",
       "[:, :, 3, 1, 3, 29] =\n",
       " 8.01795  14.4698  22.9217\n",
       " 8.01795  14.4698  22.9217\n",
       " 8.01795  14.4698  22.9217\n",
       "\n",
       "[:, :, 1, 2, 3, 29] =\n",
       " 7.72436  14.1763  22.6281\n",
       " 7.72436  14.1763  22.6281\n",
       " 7.72436  14.1763  22.6281\n",
       "\n",
       "[:, :, 2, 2, 3, 29] =\n",
       " 7.43077  13.8827  22.3345\n",
       " 7.43077  13.8827  22.3345\n",
       " 7.43077  13.8827  22.3345\n",
       "\n",
       "[:, :, 3, 2, 3, 29] =\n",
       " 7.72436  14.1763  22.6281\n",
       " 7.72436  14.1763  22.6281\n",
       " 7.72436  14.1763  22.6281\n",
       "\n",
       "[:, :, 1, 3, 3, 29] =\n",
       " 8.01795  14.4698  22.9217\n",
       " 8.01795  14.4698  22.9217\n",
       " 8.01795  14.4698  22.9217\n",
       "\n",
       "[:, :, 2, 3, 3, 29] =\n",
       " 7.72436  14.1763  22.6281\n",
       " 7.72436  14.1763  22.6281\n",
       " 7.72436  14.1763  22.6281\n",
       "\n",
       "[:, :, 3, 3, 3, 29] =\n",
       " 8.01795  14.4698  22.9217\n",
       " 8.01795  14.4698  22.9217\n",
       " 8.01795  14.4698  22.9217\n",
       "\n",
       "[:, :, 1, 1, 1, 30] =\n",
       " 0.0  0.0  0.0\n",
       " 0.0  0.0  0.0\n",
       " 0.0  0.0  0.0\n",
       "\n",
       "[:, :, 2, 1, 1, 30] =\n",
       " 0.0  0.0  0.0\n",
       " 0.0  0.0  0.0\n",
       " 0.0  0.0  0.0\n",
       "\n",
       "[:, :, 3, 1, 1, 30] =\n",
       " 0.0  0.0  0.0\n",
       " 0.0  0.0  0.0\n",
       " 0.0  0.0  0.0\n",
       "\n",
       "[:, :, 1, 2, 1, 30] =\n",
       " 0.0  0.0  0.0\n",
       " 0.0  0.0  0.0\n",
       " 0.0  0.0  0.0\n",
       "\n",
       "[:, :, 2, 2, 1, 30] =\n",
       " 0.0  0.0  0.0\n",
       " 0.0  0.0  0.0\n",
       " 0.0  0.0  0.0\n",
       "\n",
       "[:, :, 3, 2, 1, 30] =\n",
       " 0.0  0.0  0.0\n",
       " 0.0  0.0  0.0\n",
       " 0.0  0.0  0.0\n",
       "\n",
       "[:, :, 1, 3, 1, 30] =\n",
       " 0.0  0.0  0.0\n",
       " 0.0  0.0  0.0\n",
       " 0.0  0.0  0.0\n",
       "\n",
       "[:, :, 2, 3, 1, 30] =\n",
       " 0.0  0.0  0.0\n",
       " 0.0  0.0  0.0\n",
       " 0.0  0.0  0.0\n",
       "\n",
       "[:, :, 3, 3, 1, 30] =\n",
       " 0.0  0.0  0.0\n",
       " 0.0  0.0  0.0\n",
       " 0.0  0.0  0.0\n",
       "\n",
       "[:, :, 1, 1, 2, 30] =\n",
       " 0.0  0.0  0.0\n",
       " 0.0  0.0  0.0\n",
       " 0.0  0.0  0.0\n",
       "\n",
       "[:, :, 2, 1, 2, 30] =\n",
       " 0.0  0.0  0.0\n",
       " 0.0  0.0  0.0\n",
       " 0.0  0.0  0.0\n",
       "\n",
       "[:, :, 3, 1, 2, 30] =\n",
       " 0.0  0.0  0.0\n",
       " 0.0  0.0  0.0\n",
       " 0.0  0.0  0.0\n",
       "\n",
       "[:, :, 1, 2, 2, 30] =\n",
       " 0.0  0.0  0.0\n",
       " 0.0  0.0  0.0\n",
       " 0.0  0.0  0.0\n",
       "\n",
       "[:, :, 2, 2, 2, 30] =\n",
       " 0.0  0.0  0.0\n",
       " 0.0  0.0  0.0\n",
       " 0.0  0.0  0.0\n",
       "\n",
       "[:, :, 3, 2, 2, 30] =\n",
       " 0.0  0.0  0.0\n",
       " 0.0  0.0  0.0\n",
       " 0.0  0.0  0.0\n",
       "\n",
       "[:, :, 1, 3, 2, 30] =\n",
       " 0.0  0.0  0.0\n",
       " 0.0  0.0  0.0\n",
       " 0.0  0.0  0.0\n",
       "\n",
       "[:, :, 2, 3, 2, 30] =\n",
       " 0.0  0.0  0.0\n",
       " 0.0  0.0  0.0\n",
       " 0.0  0.0  0.0\n",
       "\n",
       "[:, :, 3, 3, 2, 30] =\n",
       " 0.0  0.0  0.0\n",
       " 0.0  0.0  0.0\n",
       " 0.0  0.0  0.0\n",
       "\n",
       "[:, :, 1, 1, 3, 30] =\n",
       " 0.0  0.0  0.0\n",
       " 0.0  0.0  0.0\n",
       " 0.0  0.0  0.0\n",
       "\n",
       "[:, :, 2, 1, 3, 30] =\n",
       " 0.0  0.0  0.0\n",
       " 0.0  0.0  0.0\n",
       " 0.0  0.0  0.0\n",
       "\n",
       "[:, :, 3, 1, 3, 30] =\n",
       " 0.0  0.0  0.0\n",
       " 0.0  0.0  0.0\n",
       " 0.0  0.0  0.0\n",
       "\n",
       "[:, :, 1, 2, 3, 30] =\n",
       " 0.0  0.0  0.0\n",
       " 0.0  0.0  0.0\n",
       " 0.0  0.0  0.0\n",
       "\n",
       "[:, :, 2, 2, 3, 30] =\n",
       " 0.0  0.0  0.0\n",
       " 0.0  0.0  0.0\n",
       " 0.0  0.0  0.0\n",
       "\n",
       "[:, :, 3, 2, 3, 30] =\n",
       " 0.0  0.0  0.0\n",
       " 0.0  0.0  0.0\n",
       " 0.0  0.0  0.0\n",
       "\n",
       "[:, :, 1, 3, 3, 30] =\n",
       " 0.0  0.0  0.0\n",
       " 0.0  0.0  0.0\n",
       " 0.0  0.0  0.0\n",
       "\n",
       "[:, :, 2, 3, 3, 30] =\n",
       " 0.0  0.0  0.0\n",
       " 0.0  0.0  0.0\n",
       " 0.0  0.0  0.0\n",
       "\n",
       "[:, :, 3, 3, 3, 30] =\n",
       " 0.0  0.0  0.0\n",
       " 0.0  0.0  0.0\n",
       " 0.0  0.0  0.0"
      ]
     },
     "execution_count": 6,
     "metadata": {},
     "output_type": "execute_result"
    }
   ],
   "source": [
    "J"
   ]
  },
  {
   "cell_type": "code",
   "execution_count": 7,
   "metadata": {
    "collapsed": false
   },
   "outputs": [],
   "source": [
    "# define a finer input grid for policy rollout \n",
    "@everywhere nu1 = 16\n",
    "@everywhere nu2 = 16\n",
    "@everywhere nu3 = 8\n",
    "@everywhere ugrid = (\n",
    "                     linspace(-pi, pi-2*pi/nu1, nu1), \n",
    "                     linspace(-pi, pi-2*pi/nu2, nu2), \n",
    "                     linspace(0, pi-pi/nu3, nu3)\n",
    "                    ) \n",
    "\n",
    "\n",
    "# compute optimal trajectory from initial condition x0 \n",
    "x0 = [0.; 1.; 0.; 0.; 0.]\n",
    "x_opt, u_opt = dp_rollout(J, x0, f, g, ugrid, xgrid, theta0, N);"
   ]
  },
  {
   "cell_type": "code",
   "execution_count": 8,
   "metadata": {
    "collapsed": false
   },
   "outputs": [],
   "source": [
    "using Gadfly\n",
    "using Colors \n",
    "\n",
    "berkeley_blue = RGB((1/256*[ 45.,  99., 127.])...)\n",
    "berkeley_gold = RGB((1/256*[224., 158.,  25.])...); \n",
    "gray          = RGB((1/256*[200., 200., 200.])...); "
   ]
  },
  {
   "cell_type": "code",
   "execution_count": 9,
   "metadata": {
    "collapsed": false
   },
   "outputs": [
    {
     "data": {
